Stratified correlations, 4-zone panel
Zones: US-CAL-CISO, US-CAL-BANC, US-CAL-LDWP, US-NW-NEVP
Period: 2021-01-01 00:00:00+00:00 to 2025-12-31 23:00:00+00:00 (UTC)
n = 43,824 hourly observations
========================================================================

HOUR-OF-DAY (local Pacific time)
------------------------------------------------------------------------
pair_short  BANC-CISO  BANC-LDWP  CISO-LDWP  BANC-NEVP  CISO-NEVP  LDWP-NEVP
stratum                                                                     
0               0.771      0.710      0.765      0.694      0.743      0.831
1               0.777      0.713      0.768      0.687      0.739      0.830
2               0.778      0.713      0.769      0.684      0.731      0.828
3               0.775      0.708      0.766      0.681      0.726      0.829
4               0.777      0.708      0.759      0.685      0.722      0.829
5               0.773      0.689      0.737      0.683      0.706      0.823
6               0.701      0.648      0.683      0.663      0.784      0.768
7               0.567      0.638      0.715      0.483      0.866      0.705
8               0.449      0.613      0.705      0.367      0.844      0.663
9               0.388      0.593      0.714      0.328      0.834      0.682
10              0.374      0.584      0.717      0.335      0.832      0.692
11              0.390      0.588      0.725      0.364      0.831      0.708
12              0.410      0.596      0.741      0.389      0.830      0.728
13              0.429      0.596      0.749      0.394      0.825      0.729
14              0.456      0.631      0.765      0.421      0.829      0.736
15              0.532      0.676      0.762      0.538      0.854      0.757
16              0.584      0.661      0.755      0.575      0.882      0.771
17              0.586      0.602      0.742      0.566      0.860      0.752
18              0.648      0.606      0.693      0.570      0.781      0.741
19              0.635      0.598      0.621      0.592      0.672      0.749
20              0.647      0.607      0.622      0.608      0.615      0.764
21              0.689      0.627      0.659      0.648      0.652      0.798
22              0.736      0.663      0.733      0.668      0.698      0.811
23              0.761      0.691      0.758      0.688      0.729      0.821

n per hour ~= 1,826

SEASON
------------------------------------------------------------------------
pair_short  BANC-CISO  BANC-LDWP  CISO-LDWP  BANC-NEVP  CISO-NEVP  LDWP-NEVP
stratum                                                                     
DJF             0.304      0.441      0.622      0.189      0.871      0.671
MAM             0.251      0.428      0.760      0.131      0.848      0.696
JJA             0.326      0.510      0.687      0.189      0.891      0.642
SON             0.188      0.245      0.752      0.073      0.894      0.772

n per season:
  DJF  10,824
  MAM  11,035
  JJA  11,040
  SON  10,925
